  2.0000000e+000  3.7080561e+000  3.0881362e+000  3.9684531e+000  3.6831232e+000  2.2850047e+000  2.9306701e+000  3.3161311e+000  3.1059884e+000  1.5443204e+000  3.9985351e+000
  2.0000000e+000  2.8351111e+000  2.0471785e+000  3.5527371e+000  2.1615776e+000  2.0369645e+000  3.8633820e+000  2.0810766e+000  3.8470717e+000  3.8408205e+000  5.0040198e+000
  1.0000000e+000  4.0593128e+000  3.2979390e+000  2.1946830e+000  3.1707453e+000  2.7453378e+000  3.1543968e+000  1.7549411e+000  4.2392857e+000  2.1683385e+000  3.2059945e+000
  1.0000000e+000  3.7321650e+000  3.9232847e+000  3.6027575e+000  2.2511164e+000  2.1052860e+000  3.1606025e+000  2.3791584e+000  3.0531816e+000  2.7338837e+000  1.6365027e+000
  2.0000000e+000  4.8891797e+000  4.2425334e+000  3.4677402e+000  2.3722136e+000  3.3300766e+000  4.7256750e+000  3.8125939e+000  3.6257853e+000  3.4577520e+000  2.9576445e+000
  2.0000000e+000  2.6176712e+000  2.9907742e+000  3.5077138e+000  3.6010724e+000  3.0530659e+000  2.7520315e+000  2.1798088e+000  2.5361172e+000  7.8797614e-001  1.5316709e+000
  1.0000000e+000  1.4753513e+000  3.7795406e+000  2.9889805e+000  2.2167693e+000  3.3882868e+000  3.0066799e+000  2.8402674e+000  4.1212043e+000  2.3019929e+000  1.7958984e+000
  2.0000000e+000  1.0539252e+000  4.1823576e+000  1.8184993e+000  1.3958032e+000  4.4503525e+000  3.2890885e+000  4.5926412e+000  2.1455047e+000  2.2133876e+000  1.8163697e+000
  2.0000000e+000  7.1160647e-001  3.5112381e+000  3.0725022e+000  1.0475445e+000  4.2099371e+000  4.8517101e+000  2.7795043e+000  1.3128703e+000  4.4888337e+000  5.6961829e+000
  2.0000000e+000  3.2145008e+000  5.6705388e+000  4.0071498e+000  3.1938159e+000  3.2676351e+000  4.4125440e+000  2.2910993e+000  3.5093821e+000  3.1941838e+000  2.7071383e+000
  1.0000000e+000  1.0900713e+000  2.3374098e+000  2.9196715e+000  3.3111230e+000  2.7062566e+000  3.3308376e+000  2.0241821e+000  3.5364050e+000  3.1806604e+000  3.5804430e+000
  2.0000000e+000  2.1089614e+000  4.2414536e-001  3.5505480e+000  2.1545853e+000  2.7280497e+000  4.4051807e+000  2.2275595e+000  3.3997788e+000  1.9230666e+000  2.6145339e+000
  1.0000000e+000  3.0551711e+000  2.8546544e+000  4.5724754e+000  3.1277699e+000  3.9857448e+000  3.7267418e+000  1.6911116e+000  2.4026639e+000  1.8808681e+000  2.7328082e+000
  2.0000000e+000  2.7493237e+000  1.6254392e+000  3.6792308e+000  2.1849986e+000  2.5204539e+000  1.3161202e+000  3.8846014e+000  1.9999476e+000  4.2193352e+000  4.1908179e+000
  2.0000000e+000  3.0488728e+000  3.0180683e+000  2.5019438e+000  3.5007283e+000  3.7479949e+000  4.2068749e+000  3.4901277e+000  1.7369499e+000  5.0954427e+000  2.5861510e+000
  2.0000000e+000  4.2140692e+000  5.4828803e+000  2.9021920e+000  1.8071272e+000  3.0881855e+000  3.2133910e+000  3.6049966e+000  2.2510422e+000  3.4566462e+000  2.6027388e+000
  2.0000000e+000  4.4219169e+000  3.8566401e+000  3.1711761e+000  2.6770671e+000  2.8709671e+000  1.0961434e+000  2.1313541e+000  1.1868373e+000  2.5681946e+000  2.2358172e+000
  2.0000000e+000  3.6491636e+000  3.1354463e+000  2.8123158e+000  2.6835451e+000  2.1954397e+000  2.2974735e+000  4.7881199e+000  2.1960709e+000  2.8065799e+000  2.1801264e+000
  2.0000000e+000  4.0901054e+000  1.3757470e+000  2.0035158e+000  3.5288535e+000  9.7935116e-001  2.1812768e+000  2.7552483e+000  2.0767853e+000  3.3414297e+000  2.7737863e+000
  2.0000000e+000  2.4867645e+000  3.1811520e+000  5.3104187e+000  2.5634677e+000  3.8863006e+000  3.8874661e+000  3.8175161e+000  2.3839609e+000  1.9682123e+000  3.9579702e+000
  2.0000000e+000  2.4627945e+000  1.5288645e+000  4.4631467e+000  3.9889172e+000  2.2103862e+000  2.9582781e+000  4.2828909e+000  2.1415061e+000  4.5222245e+000  2.8206137e+000
  2.0000000e+000  4.5910362e+000  2.5032514e+000  2.4961943e+000  2.3631541e+000  3.8553883e+000  2.8877864e+000  2.9805409e+000  2.7226093e+000  1.6536701e+000  3.5762789e+000
  2.0000000e+000  1.7458721e+000  3.3682410e+000  1.2438413e+000  2.9691938e+000  3.4839537e+000  2.6738148e+000  2.8050653e+000  3.6301134e+000  2.2302445e+000  2.4445188e+000
  1.0000000e+000  2.4890113e+000  3.1279567e+000  3.0653505e+000  3.5581693e+000  4.1335180e+000  3.9647065e+000  3.0807694e+000  3.8850050e+000  2.4807011e+000  3.0844489e+000
  2.0000000e+000  5.4016693e+000  3.9484075e+000  3.4214296e+000  2.9075807e+000  5.2774492e+000  3.7216724e+000  3.8926180e+000  2.8622530e+000  3.2497202e+000  2.6834444e+000
  2.0000000e+000  1.0857453e+000  3.0149311e+000  2.2543457e+000  3.4286646e+000  3.3181843e+000  2.2288334e+000  3.4429503e+000  2.6147295e+000  3.6077374e+000  2.2753374e+000
  2.0000000e+000  3.9638100e+000  3.1622773e+000  1.8305975e+000  5.3996821e+000  2.6563131e+000  1.6862323e+000  3.9652576e+000  2.7118857e+000  2.1474059e+000  3.0911456e+000
  2.0000000e+000  3.5959684e+000  3.2112051e+000  3.7816517e+000  1.5755808e+000  3.9366566e+000  1.3724178e+000  2.0231311e+000  4.5263878e+000  3.8823042e+000  1.8222374e+000
  2.0000000e+000  2.2778675e+000  2.5359743e+000  2.4774182e+000  2.6095784e+000  3.2302868e+000  5.6685975e+000  4.0013432e+000  4.6902448e+000  2.1536846e+000  3.2883182e+000
  1.0000000e+000  2.3434664e+000  3.8682567e+000  2.4543281e+000  3.3116192e+000  3.9605258e+000  3.2653788e+000  2.4514400e+000  2.5754581e+000  2.0905994e+000  4.6098998e+000
  2.0000000e+000  3.3776960e+000  4.0545932e+000  1.3195829e+000  3.7191888e+000  2.0630050e+000  2.0766962e+000  2.1372055e+000  3.2237437e+000  3.8742780e+000  3.8565678e+000
  2.0000000e+000  1.6065481e+000  4.7371092e+000  1.8600188e+000  4.0615225e+000  3.2372952e+000  2.4669432e+000  2.5281437e+000  3.4156473e+000  2.0229186e+000  4.8576281e+000
  2.0000000e+000  4.1160808e+000  3.9585794e+000  4.1941689e+000  3.4890025e+000  3.0726762e+000  3.7417297e+000  1.0133416e+000  1.5090188e+000  2.8405283e+000  4.3422923e+000
  2.0000000e+000  3.3530559e+000  2.5299416e+000  2.7376466e+000  2.2732941e+000  3.1559393e+000  2.2776543e+000  8.3841363e-001  1.8488093e+000  3.7281117e+000  2.2561025e+000
  2.0000000e+000  2.4237832e+000  2.7349241e+000  2.8250019e+000  3.2542289e+000  3.5595839e+000  2.4600877e+000  4.3955338e+000  1.9303176e+000  1.9420770e+000  2.9325696e+000
  2.0000000e+000  3.5913965e+000  2.3789590e+000  2.0181111e+000  4.5883916e+000  5.2281829e+000  2.9705216e+000  1.3756221e+000  3.8307288e+000  3.1108757e+000  1.5412787e+000
  2.0000000e+000  3.0208452e+000  1.2125862e+000  3.7264248e+000  4.0265397e+000  1.8684082e+000  4.0875400e+000  1.3739270e+000  2.8071525e+000  1.1649218e-001  3.4796863e+000
  2.0000000e+000  2.7266671e+000  3.4178718e+000  4.2186277e+000  1.1958347e+000  3.8614182e+000  1.7399732e+000  2.1292243e+000  3.4423882e+000  6.2237148e-002  2.2780046e+000
  2.0000000e+000  2.4510074e+000  4.4379132e+000  2.7196660e+000  1.9397368e+000  4.6841502e+000  2.8967482e+000  3.6877937e+000  3.5908220e+000  2.5704330e+000  2.4481300e+000
  1.0000000e+000  1.7141281e+000  3.1427024e+000  4.5754088e+000  3.3590670e+000  1.8953043e+000  3.3861897e+000  1.9213672e+000  3.7762710e+000  2.3834810e+000  2.5643111e+000
  2.0000000e+000  3.0776201e+000  2.2843446e+000  1.7417637e+000  2.3229461e+000  1.9344354e+000  2.8725216e+000  3.0654307e+000  1.5295753e+000  3.0353407e+000  3.3755613e+000
  2.0000000e+000  2.7044365e+000  2.5056483e+000  2.8858333e+000  2.3606563e+000  2.5179064e+000  4.4690845e+000  3.0323330e+000  5.5418844e+000  2.5961412e+000  2.1105977e+000
  2.0000000e+000  2.0074295e+000  4.1275077e+000  3.1306728e+000  1.9236235e+000  3.5060207e+000  2.8535726e+000  2.1389599e+000  5.4634760e+000  3.0860309e+000  2.9672606e+000
  2.0000000e+000  2.5845668e+000  3.0701715e+000  2.1031151e+000  3.0028940e+000  2.7856771e+000  1.6999705e+000  2.1861398e+000  3.2583832e+000  2.8316445e+000  3.4171366e+000
  2.0000000e+000  3.1796619e+000  2.4747944e+000  2.6873573e+000  2.8239960e+000  3.7240931e+000  4.1252763e+000  4.6211581e+000  4.8396601e+000  2.8613280e+000  3.8089921e+000
  2.0000000e+000  2.6655069e+000  3.5336880e+000  1.8525342e+000  3.6616360e+000  2.6046448e+000  1.8955546e+000  2.7462022e+000  3.7323240e+000  3.3715048e+000  2.6694364e+000
  2.0000000e+000 -3.7906847e-001  3.2403565e+000  3.2542608e+000  3.4529038e+000  4.2715453e+000  2.4403280e+000  2.9869479e+000  3.0610893e+000  2.1906589e+000  2.1371814e+000
  2.0000000e+000  3.1026569e+000  4.1740637e+000  2.8032384e+000  5.0228281e+000  3.5836211e+000  4.5441136e+000  3.4539070e+000  1.8214975e+000  2.8657548e+000  3.3332791e+000
  2.0000000e+000  4.1937594e+000  5.0089418e+000  4.1441924e+000  1.5873760e+000  3.3011922e+000  2.4250375e+000  3.3359374e+000  3.8708757e+000  1.5762818e+000  3.6448788e-001
  1.0000000e+000  3.0057906e+000  2.6884131e+000  1.9219922e+000  4.6182101e+000  2.9730434e+000  3.2235043e+000  2.9950327e+000  2.4399769e+000  1.4718240e+000  3.6780423e+000
  1.0000000e+000  5.3397711e+000  3.5765062e+000  2.8842138e+000  2.3741833e+000  3.2223892e+000  3.2321340e+000  2.4777884e+000  5.6023985e+000  2.8746361e+000  2.0300416e+000
  2.0000000e+000  2.2400814e+000  1.9779531e+000  3.8192616e+000  2.2064681e+000  4.4726785e+000  2.8857242e+000  2.7209083e+000  2.3929299e+000  4.0514134e+000  3.0441394e+000
  2.0000000e+000  3.6622828e+000  2.7086876e+000  2.3610074e+000  3.3384044e+000  3.5009738e+000  2.2599914e+000  2.3934843e+000  3.9456177e+000  4.6687377e+000  2.3835081e+000
  2.0000000e+000  3.0950734e+000  1.9656408e+000  3.6565264e+000  2.1614847e+000  3.1198844e+000  2.8087717e+000  2.9062871e+000  3.6044318e+000  3.7045507e+000  2.1276700e+000
  2.0000000e+000  3.1010478e+000  4.7220470e+000  2.6132507e+000  2.5496530e+000  2.0988292e+000  3.5033170e+000  1.9769695e+000  1.9016284e+000  3.3641887e+000  3.7364322e+000
  2.0000000e+000  3.7156585e+000  3.4306456e+000  3.0452278e+000  2.1430476e+000  3.9227963e+000  2.2057880e+000  4.8852111e+000  3.0993320e+000  3.4675020e+000  2.3340366e+000
  2.0000000e+000  2.8956038e+000  2.6403901e+000  3.7791072e+000  3.0784238e+000  2.7498606e+000  3.9301103e-001  4.2181215e+000  3.3279947e+000  8.7447213e-001  4.3079427e+000
  1.0000000e+000  2.1779395e+000  3.0771078e+000  4.1338903e+000  4.4824829e+000  4.0068387e+000  3.7073147e+000  2.6476193e+000  1.9861680e+000  1.2082487e+000  5.4762509e+000
  1.0000000e+000  1.9268027e+000  2.3324761e+000  2.7610201e+000  3.1957211e+000  3.0882816e+000  3.3979040e+000  3.8474707e+000  2.2787883e+000  1.5124480e+000  2.5442465e+000
  1.0000000e+000  2.1349445e+000  2.8844221e+000  4.0503703e+000  6.0750682e+000  3.0831414e+000  3.4386040e+000  3.6168378e+000  2.2744788e+000  3.6056481e+000  3.2781884e+000
  2.0000000e+000  1.7876882e+000  3.1885395e+000  5.2122445e+000  2.6873783e+000  2.9473385e+000  2.3015083e+000  4.0445629e+000  2.4090224e+000  4.1393227e+000  3.2090941e+000
  2.0000000e+000  1.8854532e+000  4.3537136e+000  1.5185453e+000  3.0005666e+000  2.4492028e+000  3.5699173e+000  5.5850858e+000  4.5395124e+000  2.5741056e+000  4.6543411e+000
  2.0000000e+000  3.4692300e+000  3.1798939e+000  2.5200111e+000  3.7285023e+000  2.1208488e+000  5.2043177e+000  2.8374608e+000  3.1248989e+000  2.8156412e+000  2.6679249e+000
  2.0000000e+000  2.9284518e+000  3.9659641e+000  3.9009325e+000  2.7382289e+000  3.0238989e+000  2.4991415e+000  1.5635039e+000  3.3500234e+000  3.0198548e+000  2.1373273e+000
  2.0000000e+000  3.3863624e+000  4.4318474e+000  1.1646158e+000  3.4489610e+000  4.1128347e+000  2.4157483e+000  1.4398050e+000  4.4115994e+000  3.2304509e+000  3.3195738e+000
  2.0000000e+000  3.3985155e+000  2.5837965e+000  3.4593710e+000  2.1493280e+000  1.6199688e+000  2.9882788e+000  3.6554473e+000  2.3816710e+000  2.3800642e+000  3.0698876e+000
  1.0000000e+000  3.6492696e+000  3.0333579e+000  1.8781463e+000  4.7797970e+000  2.2505276e+000  3.0713810e+000  3.5907174e+000  2.0542443e+000  2.1974827e+000  3.7485316e+000
  2.0000000e+000  4.3330751e+000  3.2246797e+000  1.9544317e+000  4.9732498e+000  2.2876675e+000  4.2203741e+000  2.3783996e+000  3.1102260e+000  2.7517551e+000  3.5523535e+000
  2.0000000e+000  2.1058900e+000  1.9864965e+000  2.8643783e+000  1.9023434e+000  2.6116485e+000  3.0436382e+000  3.4142761e+000  2.3098468e+000  4.1953127e+000  1.9569174e+000
  2.0000000e+000  1.6946785e+000  4.4336091e+000  2.5613526e+000  3.2316923e+000  3.6256011e+000  2.0302848e+000  3.5990525e+000  4.6801434e+000  2.4210171e+000  2.0346144e+000
  2.0000000e+000  3.1837642e+000  3.0547710e+000  3.0173474e+000  4.1411699e+000  3.1888375e+000  1.5762390e+000  4.3824586e+000  3.0910612e+000  4.0902631e+000  3.0712615e+000
  2.0000000e+000  2.2873037e+000  2.3285411e+000  3.5247365e+000  3.3849031e+000  2.4403451e+000  2.9964959e+000  3.7201009e+000  1.5485637e+000  1.5170227e+000  2.8757112e+000
  2.0000000e+000  3.2308893e+000  2.3096702e+000  3.2978235e+000  3.5298817e+000  4.1869781e+000  2.3189524e+000  2.9004532e+000  2.9436735e+000  3.3270143e+000  1.8534216e+000
  2.0000000e+000  3.5345986e+000  4.0160855e+000  4.6064340e+000  2.5978123e+000  4.3596405e+000  3.9311753e+000  3.6610444e+000  4.3028280e+000  1.8475302e+000  2.9143822e+000
  2.0000000e+000  3.6437601e+000  3.9189627e+000  3.5095468e+000  2.8197534e+000  5.0162160e+000  2.0496862e+000  2.9958114e+000  2.3409683e+000  3.3146472e+000  3.1794919e+000
  2.0000000e+000  3.5299129e+000  3.9265833e+000  2.9380607e+000  3.5626479e+000  4.0015923e+000  4.4402641e+000  2.2115712e+000  4.9379570e+000  3.0244437e+000  5.2930538e+000
  1.0000000e+000  3.1548883e+000  3.2845266e+000  2.1417084e+000  3.3847034e+000  2.0791085e+000  3.0777883e+000  3.2431152e+000  3.6596605e+000  2.3535085e+000  2.2899077e+000
  2.0000000e+000  3.7977675e+000  1.5103768e+000  3.4260233e+000  2.8728839e+000  2.0297436e+000  3.4350619e+000  3.1870455e+000  2.0321961e+000  3.3919367e+000  4.4333069e+000
  1.0000000e+000  3.8636296e+000  2.0979777e+000  3.2194438e+000  3.0305525e+000  2.2527134e+000  3.1554307e+000  3.6979076e+000  2.1548352e+000  1.4831206e+000  1.3231984e+000
  1.0000000e+000  4.0475697e+000  2.8928316e+000  3.1660173e+000  4.4726392e+000  2.3882246e+000  3.4006051e+000  2.2681494e+000  3.0350490e+000  2.7294210e+000  3.5010614e+000
  2.0000000e+000  3.0547745e+000  4.3356344e+000  3.4661373e+000  3.0914325e+000  9.0642796e-001  4.3551932e+000  2.5597626e+000  2.2232304e+000  2.5334570e+000  2.9296785e+000
  2.0000000e+000  3.9382055e+000  2.0832515e+000  2.9773922e+000  4.3937793e+000  1.2836715e+000  2.2681008e+000  1.3886600e+000  4.1029154e+000  1.4955126e+000  1.3485979e+000
  2.0000000e+000  3.0687874e+000  4.2252627e+000  3.7843483e+000  2.2380951e+000  3.1768664e+000  1.5629737e+000  2.7503196e+000  3.4607552e+000  3.5565123e+000  4.0560200e+000
  2.0000000e+000  3.0038566e+000  4.6666792e+000  1.1078060e+000  4.0858636e+000  3.6475661e+000  3.8909104e+000  4.3937881e+000  2.9612062e+000  1.2023907e-001  2.6190497e+000
  2.0000000e+000  4.2759294e+000  5.0096899e+000  3.0920721e+000  1.2217682e+000  2.2546697e+000  5.0878464e+000  3.8686415e+000  3.2939172e+000  2.5762382e+000  3.5376592e+000
  2.0000000e+000  3.2441101e+000  3.0538114e+000  5.2522245e+000  2.4031463e+000  2.3633561e+000  2.6545234e+000  3.0178202e+000  4.4694617e+000  1.2954541e+000  3.5447947e+000
  1.0000000e+000  3.0138443e+000  3.8969235e+000  3.8864359e+000  2.9499892e+000  3.9369878e+000  3.2158681e+000  3.7180531e+000  3.4501510e+000  4.3168436e+000  3.7505349e+000
  1.0000000e+000  3.1482799e+000  2.1194018e+000  4.4640579e+000  2.9179302e+000  3.0864448e+000  3.3680337e+000  3.8011243e+000  3.2106199e+000  3.9019156e+000  3.2179566e+000
  2.0000000e+000  1.9689399e+000  3.4590177e+000  3.9265925e+000  3.2461799e+000  5.2846128e+000  2.9052463e+000  3.0496733e+000  2.2130844e+000  3.1125645e+000  3.3927407e+000
  1.0000000e+000  2.2101755e+000  3.6259598e+000  2.3464969e+000  2.6086321e+000  2.5414216e+000  3.0562248e+000  3.1563942e+000  2.4408639e+000  3.2125004e+000  3.0683549e+000
  1.0000000e+000  2.5636402e+000  2.0878767e+000  1.5517945e+000  3.2712170e+000  9.3299423e-001  3.1479307e+000  2.5134568e+000  2.3323599e+000  2.3514130e+000  3.5640298e+000
  2.0000000e+000  1.3290640e+000  3.0301334e+000  2.6054604e+000  2.3660416e+000  1.9070272e+000  4.0569428e+000 -1.3231574e+000  2.9795301e+000  3.1650331e+000  4.0947640e+000
  2.0000000e+000  1.1287996e+000  3.3239075e+000  1.4639533e+000  3.1937525e+000  2.9298238e+000  5.6403830e+000  3.6042228e+000  4.7495336e+000  3.8599089e+000  2.7474532e+000
  1.0000000e+000  2.3690387e+000  2.4193743e+000  3.8596448e+000  3.0251000e+000  4.1561843e+000  3.2399214e+000  3.9400949e+000  2.6039257e+000  7.8526048e-001  3.5392554e+000
  2.0000000e+000  3.4434197e+000  1.7448785e+000  2.5893233e+000  2.5968639e+000  2.1402748e+000  4.2240604e+000  3.6626915e+000  2.5909060e+000  2.8771647e+000  2.6114887e+000
  2.0000000e+000  3.4364373e+000  3.3540283e+000  2.7115251e+000  2.5068945e+000  3.1531809e+000  4.0966287e+000  3.5498420e+000  2.8340675e+000  4.6740326e+000  3.8795416e+000
  2.0000000e+000  2.3967732e+000  4.0220492e+000  3.9342704e+000  2.6619322e+000  3.1015490e+000  3.3460865e+000  4.0606579e+000  3.6588417e+000  4.5308946e+000  3.9152589e+000
  2.0000000e+000  3.0921641e+000  4.2510671e+000  3.8919639e+000  1.7802162e+000  5.0551518e+000  2.7990793e+000  3.9237105e+000  2.6139310e+000  4.0890248e+000  1.6837241e+000
  2.0000000e+000  3.8680045e+000  2.8577600e+000  2.2386137e+000  2.7744831e+000  2.8463949e+000  1.6995774e+000  2.2866662e+000  2.8690435e+000  3.0678403e+000  3.6342528e+000
  1.0000000e+000  2.8294794e+000  3.0361552e+000  3.4443452e+000  3.3059235e+000  1.7989990e+000  3.3701651e+000  2.5661446e+000  2.3661418e+000  5.1067732e+000  3.2003718e+000
